Corel1000
Bridk:10.0:0.0:0
Manhattan
Local Binary Pattern - LBP:
Similarity Evaluator Refinament
5
5
/home/jvictor/Imagens/Datasets/Corel1000/test1/image.orig
/home/jvictor/Imagens/Datasets/Corel1000/test1/image.orig/202.jpg
/home/jvictor/Imagens/Datasets/Corel1000/test1/image.orig/682.jpg
/home/jvictor/Imagens/Datasets/Corel1000/test1/image.orig/460.jpg
/home/jvictor/Imagens/Datasets/Corel1000/test1/image.orig/689.jpg
/home/jvictor/Imagens/Datasets/Corel1000/test1/image.orig/691.jpg

3472.0;457.0;997.0;497.0;353.0;427.0;376.0;860.0;125.0;87.0;1109.0;716.0;277.0;79.0;105.0;10116.0;399.0;107.0;83.0;66.0;92.0;1354.0;805.0;356.0;106.0;83.0;102.0;112.0;1506.0;393.0;65.0;68.0;68.0;123.0;1511.0;1118.0;355.0;79.0;80.0;78.0;123.0;1723.0;313.0;80.0;91.0;186.0;929.0;468.0;96.0;137.0;799.0;509.0;453.0;638.0;420.0;961.0;616.0;25173.0;32883.0
519.0;69.0;155.0;124.0;56.0;114.0;196.0;169.0;16.0;11.0;2193.0;150.0;38.0;11.0;26.0;3230.0;78.0;21.0;24.0;14.0;25.0;1794.0;195.0;175.0;26.0;38.0;23.0;23.0;2236.0;63.0;8.0;19.0;9.0;22.0;777.0;305.0;148.0;21.0;11.0;9.0;22.0;1258.0;285.0;13.0;15.0;12.0;307.0;2912.0;36.0;30.0;275.0;5030.0;1599.0;2269.0;1892.0;408.0;2403.0;22174.0;41679.0
1423.0;159.0;304.0;149.0;192.0;142.0;161.0;340.0;85.0;62.0;463.0;363.0;283.0;42.0;41.0;1657.0;204.0;77.0;35.0;26.0;54.0;419.0;302.0;148.0;54.0;48.0;41.0;51.0;650.0;199.0;36.0;35.0;23.0;71.0;461.0;371.0;153.0;25.0;12.0;31.0;70.0;673.0;164.0;24.0;25.0;66.0;443.0;583.0;63.0;84.0;445.0;2946.0;500.0;744.0;527.0;419.0;728.0;62815.0;15049.0
3105.0;510.0;754.0;561.0;445.0;564.0;827.0;767.0;157.0;151.0;2333.0;869.0;197.0;108.0;114.0;2142.0;417.0;151.0;62.0;67.0;117.0;1059.0;689.0;439.0;148.0;98.0;118.0;129.0;1179.0;468.0;91.0;68.0;83.0;175.0;1019.0;1067.0;438.0;91.0;56.0;68.0;175.0;1101.0;568.0;76.0;70.0;136.0;1024.0;1557.0;174.0;159.0;1077.0;1354.0;745.0;887.0;814.0;904.0;1061.0;16527.0;45450.0
1003.0;148.0;381.0;283.0;154.0;306.0;594.0;463.0;49.0;80.0;3297.0;521.0;144.0;57.0;83.0;4339.0;106.0;52.0;46.0;28.0;66.0;1274.0;349.0;269.0;63.0;72.0;44.0;69.0;1354.0;122.0;16.0;35.0;21.0;87.0;1668.0;662.0;271.0;30.0;29.0;25.0;63.0;1817.0;525.0;18.0;19.0;36.0;782.0;3170.0;87.0;66.0;889.0;3304.0;1152.0;1219.0;1232.0;594.0;1353.0;12455.0;48319.0
